ABC	ACI	ACV	ADM	BEAM	BF	BG	BUFF	BYND	CAG	CASY	CCE	CEDC	CHD	CL	CLX	CPB	CPO	CTVA	CVS	DF	DG	DLM	DPS	ENR	EPC	FLO	GIS	GMCR	GNC	GO	HAIN	HANS	HLF	HNZ	HRL	HSH	HSY	INGR	K	KDP	KFT	KHC	KMB	KO	KR	KRFTV	LO	LP4009	LW	MCK	MDLZ	MJN	MKC	MNST	MO	NTY	NUS	PEP	PF	PG	PM	POST	PPC	RAD	RAH	RAI	REYN	SAM	SFD	SFM	SJM	SPB	STZ	SVU	SWY	SYY	TAP	TFM	THS	TSN	USFD	WBA	WFM	WFMI	WWAV
20100707			454295.0			211730.0	700044.0			611484.0				409817.0			222542.0						864238.0		526823.0		649167.0	440274.0	997304.0				197500.0	1251023.0	415501.0	634025.0	887563.0	490551.0						633631.0	200314.0	199395.0		419859.0					633424.0				888118.0				623598.0					708849.0	211122.0			899696.0		876531.0			569945.0			1261738.0					157904.0		1247981.0	
20100722				783021.0								1171114.0				213183.0				703096.0				466482.0																		608683.0																																			424337.0									
20100806				718818.0			399508.0			683451.0		1255415.0	241449.0			413441.0					901086.0		654746.0	1135581.0	485053.0		785100.0	653807.0					211516.0	853811.0	407150.0		830657.0	1109174.0										209978.0					718869.0				1254312.0				201473.0					1204749.0						403067.0			823885.0			1201975.0								
20100820														418719.0																												206644.0																																			857983.0									
20100907						749274.0											396468.0			1184185.0																419526.0								209493.0		212745.0								703027.0		218999.0																											846445.0		1192369.0	
20100921				870533.0		782266.0	459684.0			676376.0		1339878.0	227647.0	415616.0		443744.0	443137.0			1120767.0	865613.0		661954.0	1198363.0	534047.0		900967.0	743681.0					245623.0	1028611.0	456046.0	454359.0	872506.0	1179486.0				227620.0		226039.0		213475.0		224897.0					759981.0	766782.0		236967.0	1365660.0				211168.0					1325413.0						413913.0			764095.0		819747.0	1252199.0					857697.0		1175689.0	
20101007						815387.0				711418.0			230311.0			474599.0	440738.0			1352713.0	894888.0		688969.0		590872.0		897100.0						262901.0	1156753.0	483109.0	485628.0	840739.0					243452.0						245716.0					858656.0	837324.0												1345443.0									938646.0			1405078.0					1107361.0			
20101021												1511046.0																										1251924.0						236100.0		242992.0										264425.0																													1299046.0	
20101105				935449.0			530594.0							457765.0										1197573.0				778197.0																																	221259.0											443020.0					881149.0									
20101119			1490726.0	1570908.0			1528508.0			539876.0		1165791.0						1195741.0		1440285.0	1073177.0		1152035.0		586401.0		539884.0		1113981.0				1157184.0	1592243.0	545434.0	542339.0	281158.0	274035.0				275774.0		512911.0		916804.0		278609.0					544084.0	949695.0		1114651.0			259166.0		278751.0	943690.0				1118312.0	288737.0			898528.0		958749.0			1408353.0		271561.0	1053643.0			511145.0		913058.0		966927.0	
20101207			1487916.0				1549120.0			516178.0								1212811.0			750687.0		1506107.0		551827.0		555828.0		1252937.0				1203981.0	1712908.0	537504.0	579504.0	294223.0	259070.0				258442.0		501033.0		982639.0		262281.0						946338.0		1053637.0			256438.0		267716.0	917470.0				1115488.0	274237.0			945533.0		945155.0			1181064.0		268362.0	1064251.0			520714.0		940061.0		1149837.0	
20101221				1368251.0								1173044.0								1483948.0																																	550872.0																																	
20110111			1474625.0				1660693.0			539803.0								1286647.0		1656875.0	908695.0		1504741.0		569256.0		568392.0		1105250.0				1176200.0		547672.0	603694.0	341827.0	259538.0				268238.0				928831.0		267869.0						996207.0					257163.0		282049.0	940313.0				1167168.0	288126.0			1102569.0		974862.0			1252170.0		270035.0						1046095.0			
20110124																																		1697921.0										508402.0									573749.0			1075502.0																						1114723.0			563766.0				1225606.0	
20110207				1413169.0								1210363.0																																																																										
20110221			725556.0	1959618.0			1874841.0			936617.0		952052.0				314734.0	709229.0	950007.0		1419720.0	1657625.0		955682.0	317627.0	945426.0		888389.0	704993.0	737493.0				1025743.0	1724105.0		695426.0	1399151.0					305976.0		971827.0		1381469.0		660976.0					294286.0	300768.0					310263.0		709149.0	309128.0				1359514.0	308080.0			1741906.0		1367412.0						1685806.0			1724072.0		1498213.0		1844996.0	
20110307			745353.0				2042552.0			998204.0								1033115.0		1410221.0			980469.0		892552.0		962444.0	773580.0	920306.0				1070948.0			792706.0	1450421.0					327471.0		1016662.0															314403.0		727771.0	348392.0					341550.0			2081193.0		1556098.0											1649906.0			
20110320				2291603.0								1022618.0				348452.0	718530.0				1772115.0			332185.0										2126329.0												1519045.0		693005.0					312204.0	333181.0												1480301.0												1690136.0			2006366.0				2146988.0	
20110407			1160493.0	3448479.0			3179775.0			1590755.0		1649653.0					1097714.0	1703507.0		2275660.0	2606922.0			532751.0	1474504.0		1531051.0	1183106.0	2265074.0				1743861.0	3426393.0		1251968.0	2325481.0					502285.0		1564465.0		2469984.0		1335523.0					470413.0	516971.0					497784.0			566020.0				2425820.0	549177.0			3359126.0		2506763.0						2691612.0			3210100.0		2373830.0		3753312.0	
20110421																557223.0																																													1103924.0																									
20110508				3573306.0			3626613.0			1879376.0								1478891.0						642147.0	2950436.0		2048661.0	1468163.0	3602868.0				2004702.0				661704.0	1476223.0				651638.0		1406793.0	1857388.0			684423.0											651062.0		1921841.0	643135.0								3405208.0		1920293.0				2871846.0		2893347.0			3605927.0		1943316.0		3309660.0	
20110523												1448087.0		633992.0			1411598.0			2936325.0	3112689.0													3835167.0		1928949.0										2821302.0								625150.0												3161654.0								1534822.0												
20110607				5319740.0			6086170.0			3322371.0		2500818.0		1097847.0			2480085.0	2585881.0		5332129.0	6562956.0			1146191.0	5119768.0		3798140.0	2574524.0	7535658.0				3687630.0	8177865.0		3270137.0	1144247.0	2426998.0				1152477.0		2477459.0	3123984.0	4897209.0		1258172.0						1084813.0							3376617.0	1128561.0				6078620.0						3444099.0				4960749.0		4702064.0			5859199.0			5484001.0		
20110621																																																											1141481.0											5146855.0				2561209.0									3370609.0			
20110707							6524704.0											2920650.0							5573039.0		4362610.0		9454023.0				4829075.0	9700760.0			1288292.0	2862586.0							3646984.0																3705544.0	1217308.0								6222203.0		3849006.0				5437428.0		5226957.0						6594435.0		
20110721												2927762.0																								3848705.0								2790178.0		5665565.0		1377242.0						1241859.0																				2811969.0							6926918.0					
20110805				5732333.0						3905259.0				1221777.0			2858089.0			5998426.0	6720097.0			1352073.0				2788144.0														1345752.0																	1310240.0							6925948.0																	3802061.0			
20110819				12222364.0			12100947.0			2408635.0		4673896.0					2319480.0	11160957.0		7037708.0	6535626.0			4367929.0	5412614.0		7235685.0	2430760.0	14124051.0				9191367.0	11720072.0	2394866.0	9426919.0	4881189.0	2406544.0						2386853.0		7296174.0							5125296.0						6610928.0		4691769.0					7270662.0	2305199.0			12210328.0		4943903.0		9501099.0		8373960.0	7139471.0	9769866.0			10966004.0		8920483.0	10205814.0		
20110907				8762063.0			8702382.0			1752520.0		3511889.0						7849576.0		5316688.0	3918485.0			3403905.0	3862470.0		4811731.0	1886704.0	10882941.0				7826861.0	8984075.0	1831387.0		3523711.0	1912379.0						1920590.0		5285592.0							3912794.0						5086255.0		3715645.0						1881507.0			9295001.0		3497800.0		7044696.0		5819509.0		7255557.0			8342874.0			7726131.0		
20110921																	1710410.0																			6874780.0																														5564473.0											4984899.0						6152385.0			
20111007							8301691.0			1842625.0		3350443.0					1837650.0	6967916.0						3635112.0	3607340.0		5202590.0		10230344.0				8470392.0	9128641.0	1857745.0	7121180.0	3380887.0	2043257.0															3998362.0								3899536.0						1985485.0			8753167.0		3741020.0				5590427.0		6955178.0					6084587.0	8083560.0		
20111021				8078218.0																5264608.0	4258229.0							2031580.0																2097655.0		5215006.0													5179171.0							5215680.0								6790636.0			4894034.0				8778092.0					
20111107						1827681.0	7283458.0			7187832.0					3498250.0			6370760.0									5349932.0		6013284.0				8773264.0	9999307.0	3635335.0	9369773.0	3742169.0	4977676.0						5058266.0		7257279.0							7180265.0								1741205.0						3545942.0			10071027.0				7722423.0		6004822.0		5513603.0			9552989.0			9485067.0		
20111121				8020051.0										5152131.0						1857900.0				3317935.0				3444822.0												1756054.0					6949220.0									1808986.0					3497183.0																		1840797.0						1736877.0			
20111207				8362201.0		1964970.0	7390226.0			7184766.0				5174940.0	3557027.0			6846446.0		1994313.0				3242538.0			5248562.0	3578465.0	4857700.0				9095006.0	8885700.0	3590337.0	9593341.0	3995494.0	5026462.0		1592563.0				5197864.0	6849652.0	7272738.0							7543696.0	1814311.0					3566098.0		1757093.0						3844475.0			10813578.0				7452199.0		6213458.0	1895364.0	5292608.0			9988941.0		1764188.0	8978966.0		
20120109				8544489.0		2127715.0	7278083.0			8076662.0				5758395.0	3864642.0			7446260.0		2248249.0				3772734.0			5421293.0	3889896.0	4474288.0					8934741.0	3962925.0	10042465.0	4288224.0	5795610.0		1761296.0				5754874.0	7678315.0	8172740.0							7397892.0	2020806.0					3971491.0		1961492.0						4095861.0			11537323.0				8512340.0		7033404.0	2099529.0	6111520.0			11014218.0		1863139.0	9876245.0		
20120123																																	9772539.0																																																					
20120207						6295737.0	10405472.0			6301400.0		6483411.0			1779230.0		1736097.0	10975278.0		6388296.0								4097398.0						4658444.0	1745995.0	6128994.0	6313927.0							4051491.0		8159199.0							1960282.0	4170549.0	9436278.0	1744534.0					1714575.0	9905205.0					1720242.0			9560379.0				10514257.0	7077783.0	8690710.0	6406660.0	8197463.0			9391104.0		8394368.0	8848370.0		
20120307				10408951.0										1804806.0																								4113613.0							4010744.0														4118981.0																											
20120321				16248398.0		9067001.0	17520603.0			8884104.0		10018414.0		2720283.0	2617713.0		2613908.0	16232976.0		9884974.0								5645215.0						7633194.0	2542482.0	8684729.0	9563704.0	5855763.0						5910486.0	5943291.0	11702155.0							2946659.0	5963337.0	14793241.0	2648489.0			5654833.0		2630530.0	15848821.0					2633701.0			14369083.0				15738207.0	9580820.0	12148573.0	8966726.0	12029674.0			13646855.0		11952173.0	13823395.0		
20120410				21708401.0		12190288.0	23463724.0			11699181.0		13050270.0		3681002.0	3641535.0		3499176.0	21490152.0		12926569.0								7661821.0						10443640.0	3392203.0	11856948.0	13391192.0	7791420.0						7869692.0	8294631.0	15694608.0							4105209.0	8468308.0	21135437.0	3577927.0			7851822.0		3462152.0	22144093.0					3432794.0			17789068.0				22382288.0	11032096.0	15067338.0	11983119.0	16300828.0			18196259.0		15887727.0	18765021.0		
20120508				16613110.0	10856195.0		20091851.0			11010550.0		17966808.0		3856029.0		3815072.0	8527381.0	21104404.0		11151311.0					10777689.0		8985747.0	3676060.0						21804077.0		11029160.0	17471499.0			3512654.0		3911449.0		3961537.0	8799036.0	8198464.0		3923664.0					11610500.0	8768083.0	22328431.0						3531855.0	11313244.0								20292659.0		8353824.0		19527923.0	11650630.0	17164141.0	8257367.0	15676669.0			20328432.0		17863138.0	17042756.0		
20120611				17454355.0	11763156.0		18837253.0			10893380.0		16578933.0		4097867.0		3796787.0	8113953.0	19198194.0		11404975.0					11170786.0		9369773.0	3683003.0						14098871.0		11521683.0	16822719.0			3453509.0		3820986.0		4062098.0	8763583.0	7871190.0		3634859.0					11139264.0	8982964.0	25330524.0						3505372.0	10861643.0								19346281.0		8144301.0		17718905.0	9004459.0	16310776.0	8096376.0	14727635.0			21913473.0		15801132.0	18466255.0		
20120706				13707784.0	10295285.0		16841665.0			9525385.0		14411775.0		3634323.0		3387768.0	7251119.0			10061958.0					9788765.0		8385774.0	3137978.0						12912020.0		9946044.0	14614216.0		15781435.0	2965318.0		3267322.0		3650121.0	7758967.0	7036347.0		3273424.0					9423143.0	8198189.0	21082776.0						2922103.0	9491602.0								18044833.0		6821477.0		21077286.0	8751568.0	13202035.0	7338394.0	13512060.0			18068566.0		12983010.0	16856092.0		
20120807				7947968.0		8697342.0	14369804.0			6527383.0		7169860.0		14241344.0	7056056.0	3013621.0				16584633.0	12443990.0			7138332.0			12608938.0		14363457.0	16836506.0						2751509.0		8962734.0	9437777.0			3080121.0		9339916.0	9305241.0			2932469.0					6220766.0	13752000.0	15998632.0	7134801.0			3079046.0			7173790.0					3095813.0			14656304.0				3123498.0		7706418.0	2958321.0	13944643.0	9885333.0		10927123.0		16846311.0	16493141.0		
20120907				7846203.0		8605959.0	13389832.0			6391732.0		6952866.0		13029016.0	6727403.0	2903231.0				16074203.0	15904385.0			6756956.0			11731343.0		18411827.0	16345483.0						2726145.0		8639292.0	9421350.0			3101583.0		8650343.0	8283483.0			2754795.0					6019974.0	13362759.0	13656749.0	6485789.0			2952399.0			6745554.0					2969817.0			14737154.0				3511684.0		7467756.0	2936580.0	14130768.0	9328885.0		10976673.0		15952627.0	16740177.0		
20121005				8222711.0		9035489.0	14548069.0			7243580.0		7593782.0		13254093.0	6998081.0	2965597.0				17623640.0	16333951.0			6925617.0			11824385.0		18552622.0	16910906.0						2862674.0		8795237.0	9957327.0			3185128.0		9154672.0	8664708.0			2636214.0					6204803.0	13917029.0	12945517.0	6577205.0			2975331.0			7007272.0					2879702.0			15459619.0				3557101.0		7918843.0	3125770.0	14741448.0	9998609.0		11581671.0		16766518.0	17381923.0		
20121107				14020360.0	9001165.0	6964862.0	15051543.0					9363966.0		2923572.0	6950450.0		7191414.0			17006532.0	14626551.0			6836463.0	9102281.0		3032260.0	3123196.0	18059988.0	14089956.0					3188354.0	9413574.0		3011223.0	19781518.0					6913999.0		7604639.0						8893661.0		9261734.0					3028282.0		3092257.0	6982779.0								18491864.0		3086123.0		10177215.0		17989084.0	9253765.0	13592727.0	16802949.0		18623397.0		13726313.0	13800647.0		
20121207				15269437.0	9946172.0	8348684.0	16962587.0					10171414.0		3412478.0	7861368.0		8198706.0			18667580.0	16294607.0			7829286.0	10912923.0		3966490.0	3494850.0	30017074.0	14017151.0					3546184.0	10816134.0		3506263.0	22873120.0					7770776.0		8666023.0						9501449.0		10617280.0					3383490.0		3412242.0	7754129.0								22118518.0		3487889.0		11317703.0		20659832.0	10324736.0	14307349.0	16802979.0		23373331.0		14467434.0	14913141.0		
20130108				14440176.0	9993961.0	7368246.0	15543594.0					9544765.0		3111880.0	6991845.0		7175827.0			17884281.0	14474122.0			7116603.0	10070604.0		3616858.0	3184874.0	31207863.0	12236857.0					3223851.0	10035140.0		3197470.0	20918877.0					7051934.0		7925171.0						8613395.0		9635087.0					3029672.0		3069716.0	6670793.0								19661965.0		3141205.0		10290141.0		20142203.0	9523709.0	13610731.0	14375451.0		21807932.0		14561289.0	13736581.0		
20130207				13180862.0			19811443.0			7012006.0		11915081.0				3387313.0	6651853.0			13393923.0	12024178.0			3231519.0	13756284.0		14611970.0	6567804.0	19901165.0	3417896.0					6657173.0	12023514.0		6959819.0	18532636.0	11354853.0				3356625.0		13470514.0	11023472.0					13814411.0		10643145.0							3494940.0	3332448.0					3351277.0			19531451.0		6487717.0		5785969.0		19230754.0	10884403.0	19084036.0	3212074.0		20604781.0		13654334.0	6670127.0		13177041.0
20130307				14719322.0			18431158.0			7316598.0		12226028.0				3629234.0	7458194.0			13372993.0	10901222.0			3127555.0	14534134.0		15318651.0	7242750.0	20875897.0	3899099.0					7952813.0	12996237.0		7300586.0	18569100.0	11743052.0				3535502.0		14204826.0	11560096.0					13744815.0		11482990.0							3542371.0	3468149.0					3328418.0			18634900.0		6975962.0		7910114.0		23836143.0	11018016.0	18674307.0	3062935.0		21117106.0		13989202.0	5933467.0		
20130321																																																																																						12729399.0
20130408				17441922.0			20564906.0			8602993.0		14129435.0				4283435.0	9205539.0			16111631.0	13334689.0			3770273.0	17659392.0		20054928.0	8648578.0	27786975.0	4183793.0					8863193.0	16077120.0		8587745.0	22720054.0	14006566.0				4115160.0		18038769.0	13764694.0					17031894.0		14061583.0							4013285.0	3924973.0					3796955.0			24841210.0		8129533.0		9540199.0		29473639.0	13483336.0	23131756.0	3147186.0		25885872.0		18247331.0	6733187.0		15560467.0
20130522				13961389.0	4723829.0					4583067.0		13944859.0		13735395.0	4707142.0	13568421.0	26781591.0			22531082.0	11003111.0				10259307.0		26510938.0	21863125.0	26356359.0	12309816.0				4942505.0	21146642.0	26752868.0	10983791.0	21641361.0	21053207.0	14101321.0				11110987.0		27883213.0						21649867.0		13706729.0					4816250.0		4567434.0	4745088.0								20781058.0		4822907.0				23130522.0	13703641.0	13767654.0			26376514.0		11131831.0			10566723.0
20130607				13802821.0	4927838.0					4544779.0		14727996.0		13610496.0	4725527.0	13606847.0	25703125.0			23215108.0	13584973.0				10583615.0		27948046.0	21253799.0	34959067.0	12730883.0				6047497.0	21997445.0	26873725.0	11030765.0	22518097.0	20734367.0	14005930.0				10854646.0		28429602.0						21102200.0		13702710.0					4910816.0		4754512.0	4698231.0								27813222.0		4910693.0				24596310.0	13832992.0	13725112.0			27863501.0		11179664.0			11332512.0
20130712				15327865.0	5055677.0					4974591.0		14722690.0		14567883.0	4944184.0	14382305.0	28409986.0			24341531.0	13707813.0				11747006.0		29260859.0	23138331.0	37907929.0	13191250.0				6184093.0		27486979.0	11124906.0	23805888.0	21077800.0	15311919.0				11503516.0		30797528.0						21585370.0		14731063.0					5254354.0		5035380.0	4726595.0								29201473.0		5309235.0				26718438.0	14766650.0	14039539.0			30231884.0		10930352.0			11156243.0
20130807				24941545.0	5224418.0		12461383.0			24032436.0						5240968.0	24222371.0			24934441.0	5516358.0				15399489.0		30176882.0	12416978.0	29799203.0	27672766.0				42045505.0		12728887.0	5396001.0	16154465.0	29671493.0	15686167.0				5164477.0		32952403.0		4934669.0				25409751.0			11641282.0				5193852.0		12083546.0						5187183.0			15421668.0		16620106.0		28961211.0		31588315.0	11711728.0	15918481.0	12310618.0		24937546.0		17292231.0	16419220.0		
20130909				22559646.0	4718359.0		11639356.0			21029144.0						4724980.0	20937854.0			22053432.0	4542244.0				14006389.0		25599751.0	11033525.0	31220490.0	24987549.0				36690871.0		11666233.0	4638974.0	14668784.0	26036077.0	13469002.0				4577902.0		28773054.0		4598140.0				23348828.0			10262595.0				4644033.0		10980934.0						4682744.0			14591690.0		14687972.0		28257957.0		29720331.0	10180663.0	14535174.0	10665912.0		24488229.0		15497721.0	14599408.0		
20131007				24294655.0	5015806.0		11977007.0			19419663.0						4816085.0	20317302.0			22183806.0	4708084.0				13293589.0		27174218.0	11046230.0	28041895.0	27631200.0				43200190.0		12207261.0	4540545.0	15215602.0	28186174.0	13406649.0				4744448.0		32636556.0		5010882.0				24623006.0			9608199.0				4744558.0		10967884.0						4930832.0					14927551.0		30787873.0		37789504.0	10412266.0	15370159.0	10640919.0		24620063.0		17859987.0	16670864.0		
20131121				22507923.0	16091161.0		16715760.0			21261233.0		21047525.0		7337978.0	7386596.0	17064126.0	16150715.0			33893604.0					33247909.0		23959378.0	7098631.0	25753356.0	41580685.0				35863608.0		20911043.0		16570301.0	38365307.0	7280204.0				17712867.0		41013817.0		17588863.0				33070145.0								6918735.0	21660545.0						7105503.0				7008122.0			35129186.0		42118789.0	20593014.0	33264974.0	7268214.0		37781068.0		34005421.0	41664792.0		
20131206																																																																								21480657.0														
20131231				22822797.0	16636422.0		16801810.0			22719453.0		21795755.0		7572391.0	7737878.0	18163212.0	15140019.0			37559074.0					38531356.0		21169934.0	7315626.0	28466032.0	43833850.0				39723179.0		22319384.0		16669151.0	41574087.0	7191726.0				18446727.0		41183957.0		18236625.0				33962871.0								7260393.0	23277313.0						7190135.0				5932256.0	20745743.0		39028334.0		43484743.0	22064675.0	33430859.0	5988481.0		44583901.0		35014313.0	38489359.0		
20140123				25939354.0	17652794.0		18166348.0			24448914.0		24171767.0		8115062.0	8054085.0	19028236.0	17826129.0			42314836.0					39815544.0		22044192.0	7638479.0	33646178.0	44884339.0				47291070.0		23601369.0		17647829.0	43380370.0	7641139.0				18623547.0		41096655.0		18996183.0				37684726.0								7608943.0	23694705.0						7516496.0				6356173.0	21701140.0		41119943.0		42693309.0	24968783.0	37570082.0	6285321.0		49609709.0		35811374.0	41458039.0		
20140224				32905795.0	9688793.0	8048041.0				22389822.0		23296256.0		17618976.0		17221836.0	7532199.0			42795248.0	41564877.0				31606852.0		17652307.0	7618661.0	19363538.0	31641184.0				36986493.0		36387629.0	8419716.0	8098318.0	41139934.0					8265748.0		21671550.0		23057798.0				16781626.0	7253496.0		23801937.0						22341167.0						17547305.0					22060978.0		49273052.0		34694894.0	23071139.0	33914480.0			50536975.0		36119031.0	16358637.0		47727793.0
20140321				27778521.0	7921024.0	7190042.0				16419743.0		20798064.0		15224806.0		13978768.0	6498230.0			37942113.0	31939303.0				26682846.0		14227859.0	6515910.0	21591535.0	23641464.0				31413889.0		31191734.0	7302728.0	7077243.0	35690552.0					6846112.0		20668033.0		18866515.0				14314377.0	6315229.0		21261684.0						18828056.0						15096515.0					18789884.0		42748190.0		34142422.0	19446479.0	30056251.0			43759520.0		35130154.0	13864908.0		45798461.0
20140423				30850252.0	8297447.0	7964774.0				18515537.0		21596699.0		15917422.0		14722178.0	6976597.0			40198774.0	34335635.0				28395540.0		15157092.0	6971932.0	22146517.0	23402377.0				27390756.0		33200148.0	7489744.0	7205028.0	38097139.0					7109591.0		22600652.0		21408681.0				15099424.0	6707101.0		20834331.0						19921778.0						16431891.0					18915126.0		45807729.0		35484823.0	20269815.0	32053476.0			49945654.0		35260947.0	13691728.0		47000981.0
20140522				21839456.0		33444215.0	7334252.0			16414164.0		31853417.0		16702005.0			7393042.0			32778633.0	42408571.0			22191381.0	21261623.0		6869566.0	7443018.0	36766427.0					17556474.0		32125230.0	20809993.0	15381001.0	41132525.0	17838463.0				7353755.0		34875113.0		23303123.0				7527230.0		7278395.0	20974149.0					22019226.0	17075304.0						7685434.0					21831357.0		39187864.0		43050484.0	16755162.0	34144856.0			31725305.0		42568014.0			39959998.0
20140620				23300983.0		35402237.0	7324853.0			17710381.0		33397527.0		17174096.0			7565045.0			35891470.0	48130011.0			23843917.0	25873752.0		7498253.0	7960944.0	47122502.0					19760313.0		33687794.0	27465976.0	16119198.0	48250687.0	18726414.0				7618815.0		37227433.0		24833001.0				8233941.0		7563706.0	22509561.0					24146249.0	17277263.0						8310897.0					23649166.0		42549565.0		45029520.0	17655634.0	38004970.0			32208396.0		45969405.0			47251706.0
20140721				31575226.0		50063165.0	9966866.0			22742803.0		47812655.0		23947559.0			10606542.0			48166591.0	68490381.0			33443516.0	37833094.0		10047047.0	10509817.0	70631186.0					27106746.0		47436843.0	52022453.0	22112948.0	65831395.0	24687018.0				10543176.0		54500003.0		35560776.0				11250829.0		10382431.0	31175230.0					34460543.0	23356899.0						11776673.0					34091106.0		61657762.0		61747213.0	24953396.0	60197409.0			40518015.0		66818176.0			67465678.0
20140821				33926818.0		29963540.0				38394636.0		18266991.0				8986869.0	8734767.0			38520359.0				32639703.0	18024315.0		8710249.0		36170880.0			18168318.0		32311691.0		17510794.0	37664503.0		37577656.0	31033289.0				8893214.0		37571658.0	8910217.0	37484583.0					18633001.0			9167605.0			9277431.0		18584318.0	9202353.0		58385354.0	49710287.0		30305761.0					30683501.0	52434170.0	51253814.0			18060328.0	29826339.0			54301479.0		51011765.0	18910791.0		50903940.0
20140922				45973635.0		39996190.0				51473445.0		23732618.0				11528899.0	11601516.0			50023903.0				43665813.0	23633809.0		11013108.0		50738236.0			26285912.0		37483808.0		24357601.0			50442283.0	40225115.0				11484405.0		48932241.0	11661191.0	46484767.0					24344476.0			12175820.0			12293896.0		25117603.0	12033986.0		74015886.0	58809515.0		39391321.0					39190532.0	68217758.0	67019647.0			23977599.0	40559762.0			68722342.0		55337007.0	24041220.0		73351517.0
20141021				50763330.0		41988602.0				56897002.0		23723633.0				13401929.0	11925540.0			53971145.0				48120886.0	25836530.0		11134537.0		53294772.0			29491349.0		34650602.0		26630467.0			51622982.0	41074890.0				12333269.0		53775472.0	12039514.0	50206137.0					26418622.0			13999605.0			13341359.0		27224108.0	12644613.0		81555754.0	49293187.0		42812493.0					40694082.0	76822507.0	72187665.0			25708239.0	43965454.0			76587905.0		58387723.0	25210530.0		81964396.0
20141121				79365185.0		15365709.0								35872253.0		35736692.0	15668684.0			74879911.0				74638075.0	34225238.0				80277471.0	16871166.0		90766517.0				47479111.0			70151857.0	47498242.0				16132590.0	14773024.0	92167950.0		35576266.0					49244471.0		75260988.0	47255127.0			46997681.0	15669973.0	36139768.0	16175896.0		77723065.0			36844865.0					47544071.0	86737853.0	89283152.0		15464727.0	70797498.0	44752546.0			70097118.0		48579214.0	35419332.0		88687842.0
20141219				99357550.0		17633254.0								40749285.0		39703146.0	17392533.0			87233521.0				86532469.0	40157905.0				83372643.0	19051778.0		105062058.0				51409107.0			83555941.0	52807257.0				18475609.0	17329928.0	108701144.0		40055444.0					53914804.0		91928037.0	54238596.0			53528038.0	17105831.0	40512754.0	17386080.0		99971803.0			42207768.0					51172268.0	94625668.0	103760120.0		16967346.0	80369187.0	51481894.0			81616919.0			48445434.0		94647137.0
20150108																																																																																			57930607.0			
20150123				94702888.0		15786586.0								41559188.0		40258229.0	16695665.0			89712995.0				82734044.0	38802232.0				75119335.0	19395947.0		105652467.0				49561384.0			82973116.0	51983607.0				18221388.0	16052488.0	113543927.0		38766617.0					50657372.0		87551406.0	52104328.0			49509760.0	17452989.0	40408550.0	15809926.0		100403139.0			40332131.0					49761343.0	97221155.0	103739768.0		16394169.0	77666789.0	48360242.0			75173740.0		61658712.0	48391199.0		88711360.0
20150220				82782904.0			59313269.0							47151398.0		20497527.0	47443003.0			116722348.0				99141658.0					43375438.0	56301182.0		105260819.0				45295588.0		19486328.0	89266874.0	60713912.0				18738525.0		121307545.0	20785513.0							19190971.0	125179774.0	49575074.0				60905969.0	18511358.0	19598776.0		91190424.0	108440931.0		21326420.0				63248073.0	61327835.0	84970003.0	127876783.0		192495.0	59300107.0	47072535.0			90148448.0		109927588.0	94465347.0		56779196.0
20150324				90428316.0			57980921.0							53058671.0		22395301.0	52017963.0			132432612.0				107966737.0					47278536.0	66012821.0		131732133.0				55147727.0		21517111.0	95216442.0	63540638.0				20384210.0		136072692.0	21983683.0							21826467.0	159915338.0	56140690.0				66308594.0	20084862.0	21846509.0		97335561.0	130298551.0		25320019.0				69828050.0	73672164.0	96222178.0	143532244.0			63324261.0	50006991.0			101204388.0		133842554.0	110055149.0		75437004.0
20150422				79048686.0			51167398.0							47293418.0		20163408.0	45770741.0			116817703.0				96297157.0					37270349.0	59644854.0		119468366.0				47718220.0		18646965.0	79993102.0	56916345.0				17675073.0		130311615.0	27428036.0							19901029.0	140467280.0	44442949.0				66095016.0	17247625.0	17896809.0		73128118.0	126205590.0		20514175.0				56176095.0	65952661.0	82409402.0	129081143.0			54399814.0	43423005.0			83249501.0		122229633.0	89981920.0		72571809.0
20150521				97016850.0			65167116.0							59654829.0		45575183.0	45333426.0			114524828.0				59144452.0	20643671.0		60664327.0	20187743.0		58942379.0		88406220.0		20353099.0		59181092.0			92732899.0							105387524.0	91779637.0	21945298.0				22056061.0		45940634.0	94461591.0	20635028.0				45796609.0	45774567.0	22609854.0		125199317.0	106902588.0		50286721.0				58249738.0	61869089.0		117536116.0			20375840.0	46740172.0			96182384.0		117254776.0	86980676.0		117753909.0
20150619				105874555.0			69516751.0							61920735.0		47018123.0	49516278.0			119083804.0				61341894.0			59529208.0	20729102.0		56886343.0		94092098.0		25237967.0		64015225.0			100416188.0							114910058.0	93167984.0	23128245.0				23397355.0		48708947.0	88963772.0	21523739.0				49749845.0	46132090.0	23359274.0		135126327.0	119274213.0		53128955.0				51846874.0	64642302.0		122071943.0			20569159.0	47713747.0			105382033.0		121025968.0	77290482.0		130655543.0
20150708																									21782694.0																																																													
20150721				100193981.0			68589679.0							61027773.0		46464385.0	49474439.0			124424031.0				60117403.0	20487135.0		60231516.0	21235210.0		58045613.0		100232019.0		27313644.0		63690416.0			101758601.0							116141944.0	96382598.0					24263016.0		50950304.0	95167926.0	20847225.0				54571498.0	46892944.0	22784615.0		126878734.0	117326186.0		60586535.0				49616447.0	60274626.0		121926218.0			21181958.0	46492279.0			109939254.0		121984543.0	74635146.0		133669741.0
20150821				131307446.0		56491730.0	73544420.0			134572363.0				24827815.0			54651242.0			142546850.0				57999949.0		129412060.0	53810454.0	24189278.0		24755582.0		136863583.0		73636878.0		83610766.0			117216296.0				91651707.0			113951379.0								53674656.0	90160825.0	25659935.0				22975769.0	52414918.0	24645789.0		101065069.0	113656669.0		90761801.0					23695207.0	109487399.0	108617718.0			52908990.0	23238696.0			137817054.0		121113971.0	72668960.0		139654654.0
20150922				124546651.0		52933659.0	66727930.0			128368889.0				25241357.0			53971243.0			133576444.0				56921350.0		121924645.0	57995391.0	24097210.0		24487005.0		127006007.0		83974274.0		88026464.0			116041258.0				87790905.0			103705214.0								53135567.0	84518305.0	26051795.0				23351270.0	48993640.0	23558787.0		97468487.0	106178593.0		91464516.0					25555437.0	104041728.0	118629612.0			59484465.0	22622156.0			134448576.0		111411386.0	67213071.0		128769902.0
20151021				110021911.0		49300906.0	63975106.0			118505634.0				23539703.0			54914870.0			117262926.0				55488822.0		107521122.0	60287980.0	22555786.0		20398343.0		101848225.0		76737843.0		85031956.0			110890526.0				78198344.0			101638118.0								51852941.0	77939554.0	25102696.0				20037061.0	47773785.0	22191941.0		91504285.0	75592502.0		90392254.0					23539703.0	90858590.0	110211520.0			55368394.0	26591383.0			126868928.0		100554272.0	61282146.0		106460337.0
20151120				140974633.0		24534835.0	50953499.0			67257493.0		54374804.0		52496606.0		70912516.0	67353233.0			104872129.0				75950140.0			139687772.0	52964044.0						105252274.0		136581848.0		21631654.0	111419069.0	54228377.0				24588337.0	23647830.0	134129209.0								68673885.0	51626497.0	74680174.0		94768722.0	24270142.0	23597144.0	23825231.0			93566337.0	87222141.0		111782319.0						53648304.0	110233580.0			135461124.0				131721624.0		130451659.0	63616549.0		22884724.0
20151221				113517307.0		24818103.0	47190314.0			69665151.0		55066769.0		53567307.0		73604803.0	71010676.0			101313506.0				77621425.0			125578575.0	53687036.0						109814262.0		152945194.0		21397276.0	117417051.0	53715543.0				25031905.0	24299277.0	136009248.0								70945110.0	59781810.0	71920046.0		88790427.0	24125385.0	24156743.0	23811810.0			104392250.0	87732821.0		109269780.0						53869480.0	118577281.0			137597082.0				151368763.0		130775382.0	62974582.0		23273029.0
20160122				118106236.0		24326636.0	49840885.0			73276063.0		54486639.0		54522536.0		77395318.0	73180336.0			108692079.0				83503900.0			117017341.0	55408012.0						104937784.0		166989851.0		22938594.0	119299833.0	58423413.0				27596313.0	25256983.0	155735940.0								73398713.0	59063588.0	75304280.0		99023647.0	24936896.0	23755265.0	25822371.0			114073734.0	90022313.0		111952782.0						59246068.0	122195576.0			141227309.0				165631723.0		138041394.0	74367950.0		22418078.0
20160219				84729284.0		21510658.0	39536495.0			42968992.0		42521616.0		21884779.0		90450983.0	48211920.0			44465476.0				127852633.0			42396037.0	21921406.0	22826623.0					19383662.0		127431420.0			85985075.0	78175623.0				76966924.0	22567616.0	117801071.0						120644915.0		44271875.0	73115831.0	79986056.0		63048571.0	44261410.0			23064700.0		90021921.0	129725855.0		95003226.0				76932913.0		70661805.0	135000179.0			88326603.0				127970364.0		84810387.0	67799648.0		21955418.0
20160321				76357934.0		20290190.0	29755229.0			40170650.0		40122161.0		21783649.0		81068633.0	47482779.0			40228836.0				113716226.0			32351810.0	20573851.0	20539908.0					20673253.0		124982627.0			85650836.0	70117409.0				71113857.0	20215033.0	108467300.0						104338468.0		44032792.0	60574789.0	72966134.0		56196239.0	39659091.0			20927820.0		86404839.0	116751633.0		87723738.0				84465282.0		65086683.0	114707824.0			84952596.0				140549997.0		75179653.0	64056294.0		20159270.0
20160421				79741436.0		19772718.0	33047231.0			42547472.0		41449953.0		21649922.0		80617961.0	48750190.0			42544989.0				110037421.0			34477481.0	21945407.0						22856696.0		126785755.0			89778021.0	72724269.0				72967610.0	21644955.0	103871949.0						102953211.0		46567568.0	61962627.0	73608244.0		69538485.0	40995551.0			22451954.0		91665157.0	118005605.0		87332193.0				87771697.0		71979347.0	121372654.0			90828361.0				144504970.0		78442788.0	65123580.0		20703870.0
20160520				132099393.0			105950761.0			62987404.0		21709829.0		48266598.0	21131847.0	20913836.0	92956297.0			93136283.0				21334648.0			49858585.0	46535186.0						59334454.0		56218926.0			129397072.0	48208293.0			47721571.0	44684629.0	20292758.0	19430855.0						128583334.0		90593668.0		63111620.0		67200591.0	21126777.0			48089148.0		101780669.0	118625813.0		94748550.0				92870107.0		124869543.0	65073718.0			118379917.0				118620743.0		59364874.0	58946597.0		20804831.0
20160622				138352369.0			107940701.0			61922492.0		14844824.0		49558835.0	20340609.0	20869098.0	89195483.0			86865666.0				20933608.0			47353078.0	46152193.0						58590284.0		49087413.0			129186937.0	45201905.0			49797027.0	44445149.0	19638439.0	19003260.0						129703020.0		91421090.0		62289705.0		63163075.0	20266174.0			47042932.0		101546733.0	110516153.0		92634380.0				79556148.0		124405727.0	63741187.0			121033821.0				113466261.0		55796490.0	62825637.0		22432233.0
20160721				131370379.0			95619413.0			64246720.0		19036613.0		49736295.0	20407289.0	21536370.0	90383235.0			83500274.0				21097557.0			45959541.0	49137240.0						57060534.0		49189010.0			132834734.0	46494499.0			50253996.0	46016242.0	19231367.0	19135223.0						122838170.0		94714669.0		65181047.0		69270887.0	20207604.0			46090199.0		96504436.0	107669525.0		96494575.0				71080376.0		123072369.0	63470168.0			123249866.0				110519347.0		59454286.0	60832357.0		22303061.0
20160819				75927792.0			93764261.0			20617342.0	85529093.0			68976891.0		39850643.0	39425965.0			20440819.0				42920603.0	120495941.0		41329340.0	72783641.0				76613417.0				21502513.0		82280052.0	123901038.0	21343899.0			82228886.0	19895901.0		19576113.0						116351494.0		69227604.0	42124971.0	70877708.0		48707478.0					126144667.0	65904372.0	19688679.0		78194446.0					21259475.0	129969326.0	83940389.0			122887951.0			120971784.0	92817690.0		40075773.0	40093681.0		99607419.0
20160909				71827981.0			87902462.0			20171463.0	83516718.0			68876180.0		39269319.0	37941502.0			20151718.0				40083779.0	114137951.0		33094231.0	70470547.0				53184247.0				21521492.0		73027458.0	124856740.0	20790946.0			82667705.0	19389088.0		18172333.0						116830606.0		67716191.0	39735783.0	68078996.0		52379660.0					121961705.0	64650859.0	20679884.0		76369213.0					19132409.0	132364582.0	83625312.0			121601368.0			109576974.0	93944276.0		40194842.0	40059099.0		98063470.0
20161021				67134924.0			80382692.0			19559520.0	70820618.0			64108047.0		36479161.0	33079107.0			18935255.0				38004117.0	109776105.0		32581539.0	61885113.0				48971361.0				20916316.0		67436690.0	117628937.0	19124147.0			80951671.0	18446901.0		16230877.0						109557267.0		63343266.0	36566696.0	63145160.0		55444362.0					107622277.0	56948586.0	20437176.0		70707744.0					17827243.0	132129841.0	80046372.0			111690362.0			97353011.0	90668083.0		38499382.0	35368845.0		93704174.0
20161107				73842188.0		34677965.0	106383535.0	37479213.0		36452444.0	34254050.0					16986430.0				50211580.0				17252708.0	49909088.0		73335194.0					55266609.0		34709918.0		35983794.0			99965161.0				70278318.0	32481701.0	17804437.0							105094748.0		17060988.0				98320626.0	17561591.0	18279478.0	34603407.0	17670233.0	71034549.0	73215901.0	61599774.0		82923346.0				19159261.0	52201212.0	100312388.0	53385618.0			52476011.0			54067291.0	95325527.0		53886222.0	72468192.0		102259416.0
20161221				35207867.0		17093478.0	56182212.0	17131624.0		17580343.0	17716866.0					8161263.0				22211082.0				8499558.0	22949912.0		35414659.0					28714996.0		13794843.0		16244225.0			44826713.0				32374012.0	16053495.0	8449366.0							48426503.0		8094005.0				41058278.0	8113078.0	8713377.0	16050483.0	8077943.0	35041229.0	30087252.0	36349239.0		40491105.0				8603958.0	24415526.0	43383184.0	24415526.0			28636696.0			20806702.0	39163018.0		27615785.0	37480573.0		50197286.0
20170123				28469260.0		12447258.0	45818045.0	13298239.0		14178860.0	13013538.0					6281349.0				17492305.0				6513789.0	17610865.0		34725649.0					21630211.0		10210214.0		12062717.0			35267750.0				25659696.0	11906717.0	6438909.0							37928334.0		6130029.0				27705639.0	6335169.0	7002850.0	12310757.0	6197109.0	27391299.0	23640273.0	28174420.0		31249184.0				6025509.0	18618626.0	33353627.0	18146726.0			22275272.0			16323863.0	31017524.0		20242589.0	28527760.0		38364354.0
20170221				31850865.0		11676793.0	30935456.0	17486992.0			5498643.0					5762055.0	11893438.0			22991137.0					6519967.0	18496624.0	17274474.0					23112183.0				18020006.0		5859717.0	23472569.0				17659620.0	12172669.0	5757241.0	16845999.0										12167854.0		24921680.0	11440892.0	5691216.0	11885873.0	6050227.0	23952626.0	32602587.0	22874906.0		24645201.0				5623128.0	24149326.0	12397566.0				31382500.0	11315032.0		17971175.0	33419646.0		17042011.0	32030370.0		22898290.0
20170321				31264947.0		11962440.0	35455512.0	16833103.0			5453604.0					6278088.0	10735160.0			22713118.0					6703824.0	16901922.0	15972185.0					19685062.0				16446500.0		5740352.0	21263186.0				17150212.0	12782201.0	5535243.0	15423654.0										12153380.0		23084203.0	11511065.0	5848979.0	11915886.0	6543245.0	22531623.0	34077098.0	22909456.0		24214326.0				5540641.0	24233218.0	12324079.0				30025522.0	11261426.0		19309928.0	31800659.0		17417394.0	31809430.0		21875140.0
20170522				29783091.84		10625602.38	32400219.84	14832907.0			4879507.5					5805914.63	9783861.48			20564174.0					6458358.75	15535447.98	15068895.27					19702310.4				15423578.66		5458457.75	19922253.18				16123043.07	11921597.47	5290103.56	13248294.03										10916547.0		24028547.9	11050201.96	5595392.43	11044990.95	6376930.7	22505155.36	34996760.33	15231235.0		23246313.44				6315112.4	21159457.92	11744537.87				27690597.44	10165933.36		18181412.28	29545143.54		15557756.5	28532151.04		20875896.2
20170607				20013978.0		15478703.24	28688917.39							5001143.16	4955775.68	9985439.79				30216898.08				9425194.35	30568780.69	14765187.15	15261462.89					20027236.77		10957391.12		15302001.24		9973443.2	20708399.72				10024251.0	9926653.5		5062441.0			1042632.38				5014631.84			5060705.34		15021455.4	5098959.36	5059689.65	9787771.74	9887371.36	19374981.46	33190015.76			20613877.5				19435356.5	19471795.2	15618276.72	5359610.02			15382367.89	28827410.7		20840478.0	29961482.04		15740760.6	35210960.84		
20170721				17247841.38		16113071.75	27527193.43							4945876.74	4981268.24	9612534.33				26702496.99				9050738.39	26230714.4	14323371.9	13637168.16					17932607.91		11789290.76		13909838.82		10075289.62	18092734.47				9695106.6	9411003.39		4821441.56			94345.67				4792733.16			5043088.56		14153222.72	4988362.21	5140761.93	9361764.75	10132564.2	17531152.08	28210244.27			20379843.5				19791822.56	18627489.3	13853862.45	5383632.25			15051849.12	27020647.82		17410495.94	25350702.08		13973438.38	32120610.06		
20170828				22459795.5		3919346.6	23153348.79				15371786.5			3965238.75	3755555.2	3863067.11				15322101.42					3699282.79	12555941.0	15673164.93	7747927.66						14381324.28		13243608.6			15955264.92				7875773.0	7356593.12		16217380.88			100009.59						4094191.25	3364016.66		22216106.88	3893491.29		13777030.72	7663412.02	8263091.2	24416137.97	5855769.92						14036757.48	13619155.6		15393560.25			8062699.5	22707696.0		13728463.05	22290618.24	15950690.8	13618709.4	21850711.2		
20170907				23022429.68		4403380.8	23065147.8				15884474.76			3901771.07	3899221.92	4194965.46				15513321.24					3709615.45	13818953.68	16195058.46	7757851.6						15614202.6		12466791.44			16763246.88				7608749.5	7705748.29		15135614.64			10889.15						4533421.3	3435012.0		22318405.34	4043143.28		14646201.64	8033792.58	8846879.86	30976069.55	6619772.06						12167647.22	12247072.56		16669730.7			8444739.11	23966481.0		11344220.58	23302502.4	16275489.3	14397056.5			
20171020				21727456.14		4135270.8	19692743.52				15128288.45			3456568.35	3637400.5	3664723.62				14963449.24					3549395.85	12147714.41	16087929.66	6916222.96						14078726.97		11957108.48			14982522.88				6703189.35	6746947.44		12735371.84			144720.44						4116290.75	3152227.68		20692262.12	3571331.5		13247688.78	6996516.26	8414867.37	27412155.57	4918280.92						10506920.44	11253112.92		15241769.55			7934966.0	19998860.96		10521449.12	23790894.55	14522156.7	12513578.22			
20171121				17664054.87			18192791.46	14998758.5		7440526.24	11539146.69				3109381.2	3084421.81	11153124.39			15483051.43						13114626.33	11152512.47	7371809.28						7868086.52		14249966.56		3127425.72	15271766.55				7327945.46	7025911.97		18958923.0			335873.6			3276035.82		3118175.37	11558193.6			11405400.22	3180245.73		6974199.84	3031106.88		20551935.32	6186708.0							14854741.65		12109104.3			15153224.04	18199146.54		3151058.6	19014198.9	15017503.6	9460373.85			
20171207				15736328.96			16158296.63	14536363.53		7423555.79	11103566.25				2919300.3	3099620.37	10597577.3			15800511.8						10693761.93	10690498.8	7331872.8						6938178.66		15218822.7		2982796.77	15403684.32				7040132.4	6828236.16		21624028.56						3100053.3		2922245.82	11416092.54			11117070.73	3069602.88		6636582.52	2717018.25		21651031.43	6880804.86							14920692.96		10979808.99			14359529.28	16046738.4		1994552.82	19583642.75	14635537.28	9483174.6			
20180108				15553925.76			15931701.24	15264466.38		7367385.59	10123405.84				2990008.05	3255323.64	10170886.99			14707712.5						10770970.4	10161269.58	7558763.52						6588072.48		14942716.53		3001771.95	15293560.8				6616676.16	6765888.84		22574331.0			1838232.14			3038928.4		2866422.57	11338530.08			10984893.54	3106887.36		6664056.4	2747533.9		18035734.44	6632444.31							15626286.0		11343243.39			14856136.98	16583802.83		2108232.5	18983756.55	15782679.7	9308504.22			
20180209				18197056.0		8996872.5	20107466.21	14077914.0		6851856.0	9645200.4					6470273.85	8625854.65			18431007.87				3654258.3	3606030.36		3017841.73	2931577.29						3641601.2		8410300.72			13958073.36				6847523.28	6586398.0		15024921.12			618229.0	17627934.8		3082825.2			14645228.35			7151887.52	2980793.4		6382857.18	3016272.67	6487264.77	15182386.63	9865387.26						19477655.82	9105245.73		8560427.35			14063453.17	17384326.14			12753676.59	8970953.04	14078511.9			
20180307				16907857.44		8708465.99	18352948.73	15952132.36		6261690.3	8596993.57					5665837.52	7667549.4			15247445.33				3420772.5	3243248.88		3067777.84	2435145.15						3884593.8		7643356.2			12201906.64				5629518.0	6001437.52		12900116.16			39153.07	15638987.61		2929710.4			13073674.59			6736083.2	2613439.41		5579238.6	2799370.7	6244423.56	13242096.0	8568751.4						17266490.08	8710911.0		8077914.24			12824869.3	15164142.5			11979717.18	8960607.18	12386559.78			
20180409				16909702.78		8124096.0	17224692.7	15178040.22		6119719.68	8044933.53					5594347.08	7385654.3			13408681.19				3335001.36	3396000.42		3095856.92	2078212.26						3936228.48		7737444.0			11529186.68				5007493.1	5704954.26		10902850.56			180929.09	16116635.06		2666463.54			11300634.09			6752499.39	2488947.45		5393497.68	2572670.8	5977312.48	12381733.98	6996413.76						15062083.73	8189124.36		8180504.64			12342885.92	14343886.62			11286556.71	8420054.88	11270791.44			
20180508				14888542.68		7329079.32	3040594.08			3128633.86	12522064.8					2740604.8	8792371.9			19965095.3				9462564.76	13698887.28		3219415.29	9064327.68				2827270.41		15434888.32		7514625.0			8770669.79	2820073.1			16098857.96	2926454.56		9825435.07			216908.51	15964338.64		6734355.0		7048977.52				13735009.45			6491791.6		9807479.92	15610989.6	7072209.52						15174888.04	16362152.16		3183856.41			9739666.9	16820618.88			17035491.7	7420648.9	9477564.15			
20180607				13583891.44		7005238.8	2772541.2			2962057.56	11883555.2					2675659.52	6868648.84			17163856.74				8912306.5	13737383.58		2737353.5	8299666.24				2345619.76		14037701.92		7045781.24			7640351.49	2919635.77			15543396.72	2699552.8		8987234.37			419651.33	14754937.5		6340455.66		6396128.0				14971047.91			6218571.96		8972881.36	13339794.07	6416793.6						12459011.6	14601402.5		2885985.96			9591079.61	13784940.0			15527883.15	7335843.68	8426830.13			
20180710				14522656.23		6190698.15	2834199.47			2912530.95	13156226.16					3054891.75	8442090.14			17769802.05					14522857.28		2864687.41	8858860.3				2793511.6		15148825.12		7450186.2			7744239.9	3231138.15			17325190.62	2875571.32		10717996.95			258125.9	16172265.07		6751429.0		7497904.83				14578525.5			6766006.62		10240250.9	14051726.37	7076113.47						12923441.62	14889204.4		2886676.43			10271840.35	15516522.0			16160472.0	7930513.62	8267666.4			
20180720																								9294936.0																																																														
20180807				15280322.5			3597456.07			7454479.44	15104940.48			7629399.7		3625664.91				14625930.0					11007661.12		3552823.2	11325739.46				3462200.28		10459773.33		7013646.42		3828422.22	13278606.6	3688090.69	8868621.72		20296116.25	3921338.4		14791508.0			39244.59			7676654.94		11019257.46				10139845.8		11110671.18	7517715.12		14602066.08	18733417.56								21878416.8					14281385.69	20838340.0			17719361.65	18918047.4	12262413.66			
20180907				15355821.6			3254003.46			7181023.5	15171137.94			7430934.3		3741788.82				16326478.08					10577369.83		3376898.2	10886656.15				3345546.96		11032050.73		7345714.5		3770706.24	12748767.66	3586700.19	8103895.2		18888278.77	3828764.52		15460326.0			188855.09			7274575.2		11265299.92				10661464.8		10691428.14	7418965.05		15787924.02	18704225.14								19586581.56					15298669.86	19974214.16			18576874.03	17547303.34	11963514.32			
20181005				15177870.29			3409733.75			6577814.92	17001463.02			7726827.39		3847036.57				16927319.04					9667572.75		3098959.5	10063709.92				3148198.08		10538241.75		7325839.0		3791646.0	13119790.08	3466690.2	8161030.08		17702654.64	3731823.96		14158259.81			149531.84			7249371.12		11777923.0				10939441.76		10338037.53	7376924.59		15770910.48	18134338.59								19265027.5					14842354.5	18239731.5			17447707.23	16444442.48	12606086.7			
20181107				11986947.0			2867520.0			13436330.0	12456893.58			9564863.22		3146546.2				2931795.0							6598671.13	9760961.4				2924942.56		6225721.18		7062741.24		3349187.55	9220331.04	5963001.68			18551110.69	2926032.2		13037856.0			383551.55	3741597.36		6231049.42		13938624.0				8148960.78			6794040.84		11501673.6	18156246.0							18245510.36	19633324.96	5542833.0				12418909.65	19354304.0			18720206.4	12070370.98	10466143.08			
20181221				12508788.24			2836949.7			13077810.9	13702845.86			11425453.04		3760567.72				3479878.0							7245772.07	10102485.63				2607413.4		7170161.75		7818651.09		3626642.1	10199265.48	6210075.9			18484327.44	3467329.98		13922107.4			516050.57	3934019.7		7153124.42		15555900.0				8202643.83			7757664.33		13484047.5	21854553.6							16735401.88	20296155.53	4515307.2				12573133.0	21310203.47			19732923.0	14710485.72	11902400.58			
20190207				10467998.88			2497304.64			8119384.56	12747879.76			10670020.32		3290426.58				2672495.28							6356709.08	8739888.3				1877855.72		6940065.6		6956711.96		3374026.4	8388600.6	5228729.16			14628779.52	3219260.76		12133797.5			1544999.9	3546548.28		5984044.67		13574089.88				7168127.74			7092547.2		11676832.17	16059736.44							16066052.21	17066412.52	3631387.5				10987368.34	17104707.36			16802416.8	13185970.0	9029194.53			
20190221				13124314.9			3085186.61			12132509.28	9019181.2			17158671.53		8645954.22	3215307.93			5990352.3							6373555.74	6833449.92				3460135.77		17686363.8		2968663.36		5927488.7	9728730.0	6197820.3			19501162.02	5853464.52	3043115.51	12337006.75			539292.35			3459831.66		15507794.28				3204901.7	6106601.33				18187243.62	15643049.9							12214956.38	13434708.48	11879193.92				9152195.15	14203783.18			20250750.24	9572028.96	9498143.44			
20190307				11952615.0			2861171.24			12606572.58	9086865.6			16813610.8		8859793.92	3145158.34			5084991.9							6384981.93	6972883.5				3572563.75		15991024.5		2926453.12		5949271.36	8740962.6	5685354.3			12957807.47	5907275.29	2758304.24	12289064.69			582662.41			3393633.6		16409930.42				2823246.48	6030163.44				19207130.76	14612764.32							11429178.64	13052983.86	11079823.46				9316158.25	12650720.54			19402552.2	9624995.48	9003470.49			
20190422				11852986.6			2795356.11			14622419.76	8486071.77			17785774.85		8790801.1	3253404.12			4633827.39							6498378.64	7481652.75				4103360.72		14759834.6		2952011.52		6031560.58	8748503.79	5666217.62			12456105.6	6121775.1	2785733.28	10072027.2			231561.77			3510274.56		17763042.75				2196630.42	6244780.35				20154105.6	16181269.47							10315893.72	14030561.0	10948878.6				8997044.92	11959049.55			21348961.27	9317269.54	7819159.68			
20190522				18171110.4			8924741.67			13369970.16	9288190.65			12678766.85	3199266.08	2998611.29	12226426.9										6143419.64	17477050.26						3004416.8		5376003.88		6550504.95	12057127.0	6331319.1			17889701.52	3121302.94		18415066.48			688664.49	2815869.9		6136933.95		9237430.15				9605476.88	9442791.15		3082702.48	2949964.8	18115061.94	7273450.08								9512654.36	10157326.04				6350540.65	18909539.53			13017835.48	12615561.45	10202192.22			
20190621				16669774.8			9507315.51			12415631.53	9672480.72			13439934.2	3267057.74	2982747.64	12251393.41										6749588.25	17924669.76						2535962.44		5675384.33		7392399.2	10347783.04	5892449.04			15888961.9	3320024.4		17396981.71			155077.02	2542950.75		6552632.7		9995766.36				9413310.97	10078336.0		3181051.01	2806760.7	18024860.2	7379323.01								10068085.44	9277451.81				6631151.1	17293354.22			14062644.67	12736535.04	10032943.62			
20190705				17250933.6			9845071.2			11954818.2	11361219.67			12825975.24	3268940.37	2983042.13	13140996.57										6824230.01	18507470.28						2522626.2		5662910.98		7297799.47	10893711.89	5837201.48			17336864.32	3362920.96		16093731.55			222446.66	2643062.4		6750867.2		9651387.63				9664697.88	10035247.77		3294434.25	2777527.57	17330863.27	7121920.39								9273140.57	9205692.85				6623210.88	17120208.0			14541839.18	12809232.0	10805033.47			
20190807				18421299.0			9868710.14			10243047.13	18989452.44			3238488.32			12943181.94										3194380.8	3171782.31								6342628.64		14203319.22	11754726.94	3408839.22	9161821.2					17832187.96			548031.28	3322641.36		3112529.61		6415638.18	9503780.58	6235739.46		7627424.38	9170750.93		6752478.2	3339048.96	6468904.26	19499111.28							11243924.06	6054851.45	11691615.09	12537434.0			6082159.0	17639126.89			12352948.5	9306554.4	18235514.42			
20190906				17923300.3			9475841.97			10569658.56	20679959.25			3597679.1			14799915.0										3228092.4	3374927.8								6925701.57		15582546.0	12344577.93	3862262.8	9329841.84					20962625.28			621056.33	3660209.61		3375322.5		6923440.83	9084873.49	6086902.14		8140369.86	10306023.75		7224981.39	3024463.86	6318053.13	23586219.24							12522727.75	6015467.48	13693234.17	13674284.6			6925623.42	17626289.76			15186174.88	11180177.75	17995332.6			
20191007				19697336.28			10227893.42			11642078.24	20216555.04			3454569.36			15711725.04										3334305.15	3520569.52								7236921.43		15516358.88	13295910.14	4029597.0	9513288.44					23236313.18			140168.14	3850087.68		3442840.2		6764820.3	9153797.66	5795080.1		8678033.85	10521602.4		7610190.3	3243349.95	6829643.52	24696793.1							13737608.14	6407784.84	13155906.96	14122193.68			7532439.8	20091995.0			14315348.18	11566197.6	19796942.37			
20191206				14810734.04		11325459.6	13799700.0			6378687.55	19169835.49			6724731.0			17851162.01			11423063.4							2972164.8	2920737.22			2911321.6					6764759.82		17138113.43	13984422.0	14284720.5					7233257.13	13829372.48			761181.72	11645987.24		3000874.3		3254454.57		11884130.7		11374899.06	7238186.56		14484497.32	3394744.96	3077430.3	17135457.24							10891203.33	10424169.52		6642897.66			18193187.95	16582706.96		3083677.68	13906484.67	6982832.41	17912840.88			
20191220				12465927.54		9662451.04	11243376.02			5611144.33	16073725.0			5566660.48			14796034.12			10674490.32							2428304.11	2523582.28			2492171.12					6072021.74		14250325.12	12134503.0	12068494.24					5849008.8	12647484.0			124170.73	10329372.04		2477681.32		2824951.75		10868843.3		8042139.68	5907654.19		11703356.92	2849226.01	2602934.4	14653737.0							9157104.0	8543606.82		5352388.02			15123181.95	13087293.36		2300176.72	12445000.83	5769950.91	16063511.2			
20200108				12912692.85		9240108.8	11629646.45			6384698.56	14109567.55			5348301.9			15064204.4			10107897.4							2352463.66	2432052.48			2341948.95					5901380.42		13563020.44	13010862.15	12296993.8					5816454.75	12866399.78			103788.48	10151970.15		2492039.52		2717886.49		10471716.92		8268575.58	5702965.76		11489551.0	2804821.67	2579996.8	14601195.23							8585730.45	8121931.74		5236910.25			15408149.12	13406708.7		2189193.0	12092570.08	5830794.77	15245994.72			
20200221				12358504.56		9603662.48				6151990.84	9710796.48				3000485.04	2868233.23	15663359.1		6260225.64	11682808.84							6336946.43	9358032.88						5214796.65		6703641.96		2955522.99	15144976.0	9466183.8	2758793.94			2915220.48		14821455.44			403403.83	13582910.36		9998924.04		2694624.78	2933730.0			10177400.74	9973780.56		6384407.22	6219040.0	2683370.77	12737798.75							10337150.58	12733669.0					15360837.12	13196303.82			14519165.19	9203991.42	13796418.6			
20200320				9154145.7		7677601.02				4392026.33	8665817.16				2419816.84	2559806.94	12860734.08		5185054.4	8977014.2							5580274.58	7732788.0						3824854.92		5195964.8		2415432.25	12624781.4	7389675.88	2373870.48			2350924.8		13668817.08			512371.6	11382242.44		8102582.4		2123555.94	2420634.26			6742950.96	8165263.32		5108824.37	5421758.88	2288070.96	9111305.56							9306592.2	11146401.72					10975388.8	10372309.97			10495810.71	6787408.24	10932796.16			
20200423				7825650.28		6349844.41				4417459.74	6444048.62				2174219.04	2544869.25	12037789.44		4098329.5	8234173.38							4865866.56	7618721.52						3153479.04		5330065.84		2033212.5	10468377.0	6707541.89	1890802.89			2096556.52		13390358.04			167112.44	6843206.6		7030831.36		1876398.48	1996611.14			5497328.9	6795258.0		4540250.0	4420281.6	1715238.81	7138301.52							9905402.65	10990554.0					6874889.58	7462105.87			8192250.81	3269230.58	10000401.0			
20200605	9418065.72			5888472.72		4166529.2				4238152.16	10623682.65			6082690.92		8003309.88	10065522.18			5786438.6		10791818.6					2018701.68	4220268.63						2381398.65		1867581.55		7433163.47	7998362.4	8120100.5			6838019.82	2013499.2	5784526.28	3902444.16			571545.6	3995947.28	9707830.0	1909658.56		4129910.88	8170663.9	1887100.75		12427628.18	8191925.96		5976834.09	1901106.4	2058266.65	9029504.0							10391392.26	3849599.91						5863691.82		4356959.25	7992223.47	11285694.0	5277786.93			
20200619	9763674.06			6076264.63		4305690.51				4298652.4	10926650.11			6360455.89		8631768.75	10009464.18			6009752.78		11493664.16					2083799.06	4330784.96						2725094.4		1897729.12		7424409.6	8088859.59	7893497.22			6697336.47	2005053.44	5736458.52	3926175.82			111782.86	3813149.34		1886483.4		4496707.52	9267401.25	1830429.7		15421780.66	7941673.5		5730505.2	1822555.84	1901999.82	8270831.79							12251553.51	3721067.73						5291472.16		4328176.23	7697817.6	9794933.28	5103848.4			
20200707																																																			10631842.02																																			
20200721	10300205.55			6155811.9		4149677.1				4337375.42	10208777.04			6537106.4		9163304.27	9725991.1			5943520.57		11412120.53					1971414.12	4227278.85						2790739.12		1872441.57		7079455.54	7955633.0	7969015.98			6996187.65	1999961.15	5480359.44	4066502.05			65103.12	4051180.17	10260422.76	1847122.38		4597201.84	8916700.92	1836350.5		15827372.92	7969458.56		5899822.94	1737277.82	1910554.1	6745545.09							12452221.95	3449194.38						4780609.88		3589716.6	7466914.63	10072660.48	5028980.04			
20200824	8066898.04			8709309.18					7624126.3	4319745.15	6478714.62			5055494.73		6560787.4	4051851.8		4324783.68	7860010.14		10135944.0			10705712.67			4163419.08			10934858.24			6932003.4		4274477.84			8455634.5	2118406.94			6560288.46	2181774.0	2144554.28	6254093.93			504894.83	1906218.24	7941061.44	4402687.58		4406883.9	6889209.84			9518425.8	2111153.76		2224319.68	2223803.12		9217183.8					15315695.12		10455000.74	8384848.65					1961210.65	6644792.0			10437405.4	6264113.1	9739948.92			
20200921	7901152.9			9205207.32					8320133.25	4475000.88	7320483.85			5086368.91		6270069.0	4349216.09		4372403.95	7845756.0		10869219.2			9997991.94			4255936.45			10340123.13			6724850.45		4333198.04			7952620.16	2202039.14			6762194.4	2289570.88	2274120.42	6486980.8			71680.86	2016793.65	8206891.84	4687854.48		4715587.8	7445174.66			10146080.07	2172470.66		2373189.48	2336330.99		9716656.0					16858165.72		9359287.1	9320199.36					2257114.34	6741775.68			10787909.6	7599245.4	9199737.42			
20201021	7809813.6			9461226.39					10064398.42	4122398.11	7235862.15			4921930.33		5834739.54	3956956.22		4366184.31	7298948.8		11168343.98			8365470.48			4061998.08			9781911.64			6316176.75		4112186.79			7403925.76	1984850.7			5719581.45	2120692.92	2243125.95	6100849.83			159354.86	2104337.58	7882418.11	4561874.7		4392483.0	7045890.8			10639166.09	2127371.4		2359772.22	2172910.24		8993276.61					16707871.04		8301758.92	8865235.84					2310788.58	5948275.08			10111005.2	6862135.94	8600900.32			
20201207	4091813.44	10945900.94		8211576.64		3820526.26			7081192.31	6084500.73	5875507.35			7787335.78		2035402.25	1991455.57		7088226.5	9911776.08					4150126.45			5934997.68			6932137.54			7988741.78		4111091.46			9666773.07	2009649.95	2011662.7			1853343.02		9802630.35			216436.33		4088127.82	3816884.48		5758449.51	7882345.51			8134015.05	1984954.68		6107805.0	1954754.48		11544054.66				3807147.36	12140739.94		9393021.6	8018709.6					3669541.95	8674206.82			9929633.92	1941380.1	5867917.32			
20201221	4178326.53	11364564.68		8409437.82		4206096.36			6617549.8	6031741.92	6025417.2			7357495.79		1896864.16	2030862.02		7836056.8	11397668.28					4203535.83			5809161.48			5786511.84			8067421.17		3790158.12			10009672.45	1943183.55	2166608.85			1852544.38		9555480.0			402913.88		4744766.43	3927511.8		5675029.98	8304031.44			8077952.73	2043306.41		5886004.95	1983816.75		12394371.26				3891681.46	10349079.12		9931630.29	7969365.6					4500181.25	10767082.0			10763281.2	2782170.92	6234134.13			
