year	month	actual_ret	expected_ret	sharpe
2005	3	0.01855909858727009	0.17812363674308282	0.9364171050627164
2005	6	0.06446114194819298	0.16580664594490746	0.2737226401718899
2005	9	-0.044200309669318566	0.1582638462701226	0.8728398908218746
2005	12	-0.02026619721697347	0.15498903645203144	0.4638144223426712
2006	3	-0.09584555677391955	0.20496802843164671	0.7438308208148107
2006	6	0.17008643488218797	0.3238880019835931	0.34539785554041413
2006	9	-0.008758205718474465	0.19417206293183123	0.28540721922375845
2006	12	-0.05156119163541693	0.1380610534788	0.7518332810377153
2007	3	-0.0032492582112091657	0.13826387952714916	0.6699733128996711
2007	6	0.030089590722604538	0.22146545731686715	0.8851952522090198
2007	9	-0.06155867283677339	0.5524038461873432	-0.08899796594173584
2007	12	0.0015653875019997696	0.13694720423631682	0.07099125569290221
2008	3	-0.005996771813039037	0.206346111888359	0.7527976297687513
2008	6	0.04813212892469679	0.28235509394236424	0.36187060805726023
2008	9	-0.05381092564680356	0.3123810766833019	0.3136732392130977
2008	12	0.11716357883362384	0.28343239569827877	0.3172835074645109
2009	3	-0.07567865726044141	0.1977394832372591	0.4801944120812306
2009	6	0.0003769927626890947	0.3788766896837568	0.0935081748939251
2009	9	1.0874304264026438	1.2606318365471074	-0.0827862797892424
2009	12	0.05828850845192924	0.41751949797499394	0.2917606770268298
2010	3	-0.036674177204922234	0.21375253522816	0.2171533811679443
2010	6	0.04390295900084752	0.389648692316275	0.29256478786757656
2010	9	0.14295661250598057	0.26902820528813237	0.16295303916996087
2010	12	-0.021352591737991613	0.14708733308277194	0.2244954323621407
2011	3	0.05218194764744961	0.12308989644746257	0.5286030525131158
2011	6	0.05755193702501088	0.3428878497910948	0.23847240208755183
2011	9	0.22051832362628684	0.5338182317561571	0.022571671621435106
2011	12	-0.06490342774111912	0.24307212713286952	0.2156953730733161
2012	3	-0.09123734619719483	0.5567304977711057	0.2084766415620507
2012	6	-0.0327705837728239	0.13177953378463791	0.368657241363125
2012	9	0.017295029318010476	0.42740835129075505	0.43799931073279824
2012	12	-0.11016644061444644	0.18165199039593627	0.33287530666089116
2013	3	0.020447703007692608	0.5730815020860969	0.2926917033590294
2013	6	0.13513475950311354	0.477105363250332	0.36790033958891505
2013	9	0.04013301460815842	0.16760784778958698	0.3131381352375977
2013	12	0.06564292799284803	0.13616851428675752	0.23271080811551736
2014	3	0.17951408156253507	0.792936819312637	0.28406538710942175
2014	6	0.12029414805932707	0.28214191454953563	0.44665708943735644
2014	9	0.004364352299078443	0.1619738278488697	0.4236109990905945
2014	12	-0.015424663701486882	0.40366013142275853	0.2916301387482847
2015	3	0.08020901710204249	0.1325682799919999	0.5259319576130187
2015	6	0.09316368088301409	0.1313514898104634	0.2623861630569649
2015	9	0.0196581866236656	0.21304822484827185	0.3779972077464684
2015	12	-0.08833257473656102	0.17718176188745793	0.28121112049151836
2016	3	-0.22545261490534904	0.1615086733829694	0.28480229474972496
2016	6	0.05258850721973503	0.16147289343350912	0.41857169000567873
2016	9	0.22283876968113406	0.6466833807385037	0.27508624696020595
2016	12	0.03186868891998721	0.29482453101044936	0.27961105199307257
2017	3	0.07242260909649743	0.2966173058276455	0.44133280441900113
2017	6	0.09731708782327844	0.23824092674770717	0.47824878978509977
2017	9	0.005668013592731334	0.13932740046395917	0.1537911644923132
2017	12	0.0011167975774947951	0.17236134947081966	0.17158709568861055
2018	3	0.055577056636383265	0.15992359859404548	0.08331671210262355
2018	6	0.079218515311322	0.25461931044680536	0.2789792608189387
2018	9	0.04788161761799985	0.14963668626617188	0.2792592908875424
2018	12	-0.017744418316867454	0.14889315632714437	0.2333554900676254
2019	3	0.41678656688869853	0.8219894742163588	0.3096706480625095
2019	6	0.20994584117404488	0.6395644881141356	0.31771428675062785
2019	9	-0.24716336122981444	0.8693782318400932	0.3459525215562361
2019	12	0.05716246217994057	0.25573620238273964	0.3356983290814765
2020	3	0.06254649624032109	0.526443925977244	0.3776108303338695
2020	6	-0.12460081042470146	0.5046516116637715	0.30129682831070614
2020	9	0.19166188441399418	1.2794763986003108	0.24499074277861835
